Слово                          Количество        Номера предложений
      Существительное
кругу                              1             29
специалистов                       1             29
актуальности                       1             36
курс                               1             45
разработке                         2             15,31
работы                             2             28,44
ряда                               3             11,30,53
параметров                         3             11,30,53
друзья                             3             16,19,53
компонентов                        3             17,29,41
уровня                             3             48,55,58
подготовке                         4             4,9,17,18
всесторонне                        4             12,34,38,46
целесообразности                   4             13,14,31,44
воздействия                        4             18,24,25,54
форм                               5             18,24,25,34,54
стороны                            6             2,20,21,33,50,57
особенности                        6             3,5,28,40,46,47
it                                 6             4,17,33,41,46,56
потребностям                       6             5,6,21,26,27,39
роль                               6             7,8,10,22,28,41
участия                            7             3,9,15,32,35,42,48
кадров                             8             5,6,21,23,26,27,36,39
рост                               8             6,13,16,22,24,25,51,57
активности                         8             6,13,16,22,24,25,51,57
структура                          9             1,9,11,30,35,39,43,47,49
деятельности                       9             3,7,12,14,15,34,42,52,53
опыт                              10             1,4,6,13,18,24,26,27,49,56
Слово                          Количество        Номера предложений
      Прилагательное
повседневная                       1             15
широкому                           1             29
участие                            1             29
дальнейшее                         1             34
различных                          1             34
социально-ориентированный          1             45
национальный                       1             45
предложений                        2             7,37
важнейшие                          2             15,31
напрямую                           2             26,51
повседневной                       2             28,44
интересный                         2             33,38
соответствующих                    2             49,58
новая                              3             3,14,42
организационной                    3             3,14,42
масштабного                        3             11,30,53
дорогие                            3             16,19,53
ключевых                           3             17,29,41
планируемого                       3             17,29,41
равным                             3             22,32,37
существующих                       3             40,47,56
финансовых                         3             40,47,56
административных                   3             40,47,56
повышение                          3             48,55,58
гражданского                       3             48,55,58
значительной                       4             2,39,50,55
создание                           4             2,39,50,55
сбалансированных                   4             12,34,38,46
нововведений                       4             12,34,38,46
экономической                      4             13,14,31,44
принимаемых                        4             13,14,31,44
решений                            4             13,14,31,44
собой                              4             33,38,43,47
условий                            4             40,47,49,56
разнообразный                      5             1,4,24,49,56
богатый                            5             1,4,24,49,56
выбранный                          5             2,8,10,19,54
инновационный                      5             2,8,10,19,54
практический                       5             6,13,18,26,27
том                                5             7,12,25,31,51
постоянное                         5             7,12,15,52,53
информационно-техническое          5             7,12,15,52,53
обеспечение                        5             7,12,15,52,53
значение                           5             11,16,25,27,56
намеченного                        5             20,27,31,32,37
системного                         5             24,35,40,42,44
прогрессивного                     6             2,10,22,50,51,52
соответствующей                    6             5,6,21,26,27,39
насущным                           6             5,6,21,26,27,39
важную                             6             7,8,10,22,28,41
позиций                            6             8,16,19,23,28,43
занимаемых                         6             8,16,19,23,28,43
поставленных                       6             8,16,19,23,28,43
этих                               6             10,34,36,38,39,58
проблем                            6             10,34,36,38,39,58
развитая                           7             3,9,15,32,35,42,48
массового                          7             3,9,15,32,35,42,48
таким                              7             11,14,17,42,44,48,55
социально-экономическое            8             5,18,21,26,29,38,40,50
постоянный                         8             6,13,16,22,24,25,51,57
количественный                     8             6,13,16,22,24,25,51,57
развитие                           9             5,18,21,26,29,34,38,40,50
новых                              9             6,7,13,19,30,37,49,52,53
образом                           10             11,14,17,22,32,37,42,44,48,55
высшего                           11             8,9,23,29,30,35,41,43,45,52,54
дальнейших                        12             1,3,9,15,20,32,35,42,45,48,55,57
нашей                             13             6,7,12,13,15,16,22,24,25,51,52,53,57
направлений                       18             1,2,3,9,10,15,20,22,32,35,42,45,48,50,51,52,55,57
Слово                          Количество        Номера предложений
      Глагол
практика                           1             15
повышению                          1             36
проект                             1             45
активизации                        1             49
выполнить                          2             15,31
задания                            2             15,31
рамки                              2             23,36
зависит                            2             26,51
начало                             2             28,44
формированию                       2             28,44
позиции                            2             28,44
представляет                       2             33,38
эксперимент                        2             33,38
проверки                           2             33,38
влечет                             2             43,47
процесс                            2             43,47
внедрения                          2             43,47
модернизации                       2             43,47
модель                             3             3,14,42
модели                             3             4,33,36
изменения                          3             11,30,53
обновления                         3             17,29,41
сознания                           3             48,55,58
степени                            4             2,39,50,55
обуславливает                      4             2,39,50,55
реализации                         4             4,9,17,18
определения                        5             1,20,23,48,58
уточнения                          5             1,20,23,48,58
проекта                            5             1,20,45,55,57
нами                               5             2,8,10,19,54
путь                               5             2,8,10,19,54
способствует                       5             4,9,17,18,36
следует                            5             7,12,25,31,51
забывать                           5             7,12,25,31,51
оценить                            5             11,16,25,27,56
реализация                         5             20,27,31,32,37
плана                              5             20,27,31,32,37
задача                             6             3,5,28,40,46,47
консультация                       6             4,17,33,41,46,56
профессионалами                    6             4,17,33,41,46,56
актуальность                       6             5,12,21,34,45,54
показывает                         6             6,13,15,18,26,27
играет                             6             7,8,10,22,28,41
участниками                        6             8,16,19,23,28,43
отношении                          6             8,16,19,23,28,43
задач                              6             8,16,19,23,28,43
значимость                         6             10,34,36,38,39,58
настолько                          6             10,34,36,38,39,58
очевидна                           6             10,34,36,38,39,58
обеспечивает                       7             5,12,21,29,34,45,54
создаёт                            7             6,13,19,30,49,52,53
предпосылки                        7             6,13,19,30,49,52,53
качественно                        7             6,13,19,30,49,52,53
шагов                              7             6,13,19,30,49,52,53
формировании                       7             7,8,10,22,28,29,41
позволяет                          7             11,15,16,25,27,31,56
обучения                           8             5,6,21,23,26,27,36,39
сфера                              8             6,13,16,22,24,25,51,57
анализа                           11             3,14,24,32,35,37,40,42,44,46,57
соображения                       11             8,9,23,29,30,35,41,43,45,52,54
организации                       15             1,3,5,9,11,28,30,35,39,40,43,46,47,49
требует                           16             1,3,14,20,23,24,32,35,37,40,42,44,46,48,57,58
системы                           16             3,5,6,9,11,15,21,26,27,30,32,35,39,42,48,53
развития                          19             1,2,4,10,20,22,27,31,32,33,36,37,45,50,51,52,55,57
Слово                          Количество        Номера предложений
      Наречие
Слово                          Количество        Номера предложений
      Причастие
сложившаяся                        9             1,9,11,30,35,39,43,47,49
Слово                          Количество        Номера предложений
      Деепричастие
