Слово                          Количество        Номера предложений
      ПРИЛАГАТЕЛЬНЫЕ
повседневная                       1             15        
социально-ориентированный          1             45        
предложений                        2             7,37      
повседневной                       2             28,44     
новая                              3             3,14,42   
организационной                    3             3,14,42   
ключевых                           3             17,29,41  
финансовых                         3             40,47,56  
административных                   3             40,47,56  
сбалансированных                   4             12,34,38,46
нововведений                       4             12,34,38,46
решений                            4             13,14,31,44
условий                            4             40,47,49,56
богатый                            5             1,4,24,49,56
выбранный                          5             2,8,10,19,54
инновационный                      5             2,8,10,19,54
постоянное                         5             7,12,15,52,53
намеченного                        5             20,27,31,32,37
поставленных                       6             8,16,19,23,28,43
массового                          7             3,9,15,32,35,42,48
постоянный                         8             6,13,16,22,24,25,51,57
количественный                     8             6,13,16,22,24,25,51,57
новых                              9             6,7,13,19,30,37,49,52,53
направлений                       18             1,2,3,9,10,15,20,22,32,35,42,45,48,50,51,52,55,57
